0011
0022
0044
1122
1133
1144
2211
2233
2244
3311
3322
3344
4411
4422
4433
1100
2200
3300
4400
0033
1114
2223
3334
4441
1124
2213
3324
4413
0014
0021
0043
1134
1142
2231
2243
3314
3321
4431
4423
0101
0202
0404
1212
1313
1414
2121
2323
2424
3131
3232
3434
4141
4242
4343
1010
2020
3030
4040
3131
4242
1241
2132
3213
4324
0140
0210
0430
1341
1421
2312
2432
3124
3241
4312
4214
0001
0002
0004
1112
1113
1114
2221
2223
2224
3331
3332
3334
4441
4442
4443
1110
2220
3330
4440
0003
1114
2223
3334
4442
1124
2213
3324
4413
0014
0021
0043
1134
1142
2231
2243
3314
3321
4431
4423
1001
2002
3003
4004
1221
1331
1441
2112
2332
2442
3113
3223
3443
4114
4224
4334
0110
0220
0330
0440
1231
2132
3243
4312
1242
2141
0102
0104
0201
0204
0401
0402
1201
1202
1204
2101
2102
2104
3101
3102
3104
3201
3202
3204
3401
3402
3404
4101
4102
4104
0012
0023
0041
1123
1132
1143
2214
2234
2241
3312
3324
3341
4412
4423
4431
1101
2204
3302
4401
0031
1112
2224
3331
4443
1120
2214
3320
4410
0013
0024
0042
1130
1143
2230
2241
3310
3324
4430
4421
0111
0222
0333
0444
1222
1333
1444
2111
2333
2444
3111
3222
3444
4111
4222
4333
1011
2022
3033
4044
3133
4244
1244
2133
3211
4322
0144
0211
0433
1344
1422
2311
2433
3122
3244
4311
4214
0000
1111
2222
3333
4444
1121
1131
1141
2212
2232
2242
3313
3321
3342
4414
4424
4434
1102
2203
3301
4404
0032
1113
2221
3332
4440
1123
2210
3323
4412
0010
0023
0041
1132
1140
2234
2240
3312
3320
4432
4420
0100
0200
0300
0400
1211
1311
1411
2122
2322
2422
3133
3233
3433
4144
4244
4344
1012
2024
3034
4041
3134
4241
1243
2134
3212
4321
0141
0214
0431
1342
1423
2314
2431
3123
3240
4314
4210
0013
0020
0042
1120
1134
1142
2213
2231
2240
3314
3323
3340
4410
4423
4432
1104
2201
3304
4402
0034
1110
2223
3334
4441
1124
2213
3321
4413
0012
0024
0040
1131
1142
2230
2243
3313
3324
4431
4420
0112
0223
0334
0441
1224
1330
1442
2110
2334
2441
3112
3224
3440
4113
4220
4334
1014
2023
3031
4042
3132
4243
1240
2131
3214
4320
0142
0213
0434
1340
1421
2310
2434
3121
3243
4310
4213
0014
0021
0043
1124
1130
1143
2210
2234
2241
3310
3324
3341
4412
4420
4431
1103
2204
3301
4403
0031
1112
2220
3331
4442
1123
2214
3320
4410
0013
0020
0041
1132
1140
2231
2240
3314
3321
4430
4423
0113
0224
0331
0442
1220
1334
1443
2114
2331
2440
3114
3220
3443
4110
4223
4331
1013
2020
3034
4043
3130
4240
1241
2130
3213
4324
0143
0210
0431
1343
1420
2313
2430
3120
3241
4313
4210
0010
0023
0042
1123
1131
1140
2214
2230
2243
3312
3320
3342
4413
4421
4430
1102
2203
3304
4401
0032
1113
2224
3330
4443
1120
2213
3324
4412
0014
0021
0040
1134
1142
2231
2240
3310
3323
4432
4420
0114
0221
0332
0443
1223
1331
1440
2112
2330
2443
3110
3223
3441
4112
4224
4330
1010
2024
3032
4041
3134
4242
1242
2134
3210
4323
0140
0213
0432
1341
1423
2314
2431
3123
3240
4312
4214
0012
0024
0041
1120
1132
1143
2213
2234
2240
3314
3321
3340
4410
4423
4432
1104
2201
3302
4403
0034
1110
2223
3334
4441
1124
2210
3323
4413
0010
0023
0042
1130
1141
2232
2241
3312
3324
4431
4420
0110
0223
0334
0441
1224
1332
1443
2113
2334
2440
3113
3224
3442
4114
4220
4331
1014
2021
3030
4042
3131
4243
1243
2131
3214
4320
0141
0214
0430
1342
1421
2310
2432
3124
3241
4314
4210
0013
0020
0043
1124
1131
1140
2210
2231
2242
3313
3320
3343
4412
4424
4430
1101
2204
3303
4402
0031
1114
2220
3332
4443
1123
2214
3321
4410
0012
0024
0040
1132
1143
2230
2243
3314
3322
4431
4423
0112
0224
0331
0442
1220
1333
1441
2114
2331
2442
3110
3221
3443
4112
4223
4334
1012
2023
3034
4040
3132
4241
1240
2132
3213
4324
0142
0210
0431
1343
1424
2312
2430
3121
3242
4310
4213
0014
0021
0042
1123
1134
1142
2214
2230
2241
3312
3323
3340
4413
4421
4432
1102
2203
3301
4404
0032
1113
2224
3330
4441
1120
2213
3324
4412
0013
0020
0041
1131
1140
2234
2240
3313
3321
4430
4424
0113
0221
0332
0443
1224
1330
1442
2110
2332
2443
3114
3220
3441
4113
4224
4332
1013
2024
3031
4042
3134
4240
1241
2134
3210
4321
0143
0212
0434
1340
1423
2314
2431
3120
3243
4312
4214
0010
0023
0042
1124
1132
1143
2213
2231
2240
3314
3320
3342
4410
4423
4431
1104
2201
3302
4403
0034
1112
2223
3334
4440
1123
2214
3321
4413
0012
0024
0043
1134
1140
2230
2241
3312
3323
4432
4420
0114
0223
0330
0441
1223
1334
1440
2112
2330
2441
3113
3224
3440
4110
4221
4332
1014
2020
3032
4043
3130
4241
1242
2130
3214
4320
0140
0213
0432
1341
1420
2313
2434
3124
3240
4313
4210
0013
0020
0041
1120
1133
1142
2214
2232
2243
3310
3324
3341
4412
4420
4434
1103
2204
3301
4402
0031
1114
2220
3331
4442
1124
2213
3320
4414
0014
0021
0040
1132
1143
2231
2240
3313
3321
4430
4423
0112
0224
0331
0442
1220
1332
1443
2113
2334
2440
3112
3220
3441
4114
4223
4330
1012
2023
3034
4041
3132
4243
1243
2131
3212
4324
0141
0214
0430
1342
1423
2310
2431
3123
3242
4314
4210
0012
0023
0042
1123
1130
1141
2210
2233
2242
3312
3320
3343
4413
4424
4430
1102
2203
3304
4401
0032
1113
2224
3330
4443
1120
2214
3323
4410
0013
0024
0041
1131
1142
2234
2240
3314
3322
4431
4420
0113
0220
0332
0443
1224
1330
1441
2114
2331
2442
3110
3223
3440
4112
4224
4331
1013
2024
3030
4042
3134
4240
1240
2132
3213
4321
0142
0210
0431
1343
1424
2312
2430
3124
3241
